#----------------------------------------------------------------
#    Intel(R) MPI Benchmarks 2021.11, MPI-1 part (GPU)
#----------------------------------------------------------------
# Date                  : Tue Sep 22 20:09:08 2026
# Machine               : x86_64
# System                : Linux
# Release               : 6.14.0-37-generic
# Version               : #37-Ubuntu SMP PREEMPT_DYNAMIC Fri Nov 14 22:10:32 UTC 2025
# MPI Version           : 4.1
# MPI Thread Environment: 


# Calling sequence was: 

# /opt/intel/oneapi/mpi/2021.18/bin/IMB-MPI1-GPU Allreduce Allgather Bcast Reduce Alltoall -msglog 12:28 

# Minimum message length in bytes:   0
# Maximum message length in bytes:   268435456
#
# MPI_Datatype                   :   MPI_BYTE 
# MPI_Datatype for reductions    :   MPI_FLOAT 
# MPI_Op                         :   MPI_SUM  
# 
# 

# List of Benchmarks to run:

# Allreduce
# Allgather
# Bcast
# Reduce
# Alltoall

#----------------------------------------------------------------
# Benchmarking Allreduce 
# #processes = 2 
#----------------------------------------------------------------
       #bytes #repetitions  t_min[usec]  t_max[usec]  t_avg[usec]
            0         1000         0.02         0.03         0.03
         4096         1000        10.02        10.29        10.16
         8192         1000        21.12        21.40        21.26
        16384         1000        23.29        23.43        23.36
        32768         1000        23.69        23.84        23.76
        65536          640        23.79        23.92        23.85
       131072          320        24.73        24.86        24.79
       262144          160        26.11        26.23        26.17
       524288           80        26.51        26.69        26.60
      1048576           40        33.67        33.85        33.76
      2097152           20        48.40        48.56        48.48
      4194304           10        82.23        82.34        82.29
      8388608            5       139.20       139.48       139.34
     16777216            2       253.67       253.87       253.77
     33554432            1       491.17       491.32       491.24
     67108864            1       959.96       960.02       959.99
    134217728            1      1898.88      1899.60      1899.24
    268435456            1      3768.07      3768.19      3768.13

#----------------------------------------------------------------
# Benchmarking Allgather 
# #processes = 2 
#----------------------------------------------------------------
       #bytes #repetitions  t_min[usec]  t_max[usec]  t_avg[usec]
            0         1000         0.02         0.03         0.02
         4096         1000        15.87        16.16        16.02
         8192         1000        20.78        21.35        21.07
        16384         1000        24.09        24.75        24.42
        32768         1000        31.41        33.63        32.52
        65536          640        39.46        41.20        40.33
       131072          320        58.84        62.02        60.43
       262144          160        95.80       105.35       100.57
       524288           80       178.02       195.53       186.77
      1048576           40       357.21       373.02       365.12
      2097152           20       742.30       772.87       757.58
      4194304           10      1488.97      1502.57      1495.77
      8388608            5      2799.20      2804.94      2802.07
     16777216            2     10042.24     10208.24     10125.24
     33554432            1     27705.35     30448.85     29077.10
     67108864            1     47820.89     49162.29     48491.59
    134217728            1    101120.50    104576.23    102848.36
    268435456            1    219623.96    219780.11    219702.03

#----------------------------------------------------------------
# Benchmarking Bcast 
# #processes = 2 
#----------------------------------------------------------------
       #bytes #repetitions  t_min[usec]  t_max[usec]  t_avg[usec]
            0         1000         0.02         0.02         0.02
         4096         1000         9.96        11.29        10.63
         8192         1000        21.17        21.53        21.35
        16384         1000        23.75        23.81        23.78
        32768         1000        28.14        28.17        28.15
        65536          640        27.47        32.02        29.74
       131072          320        35.91        40.51        38.21
       262144          160        53.36        66.76        60.06
       524288           80        90.19       115.46       102.83
      1048576           40       108.70       176.41       142.55
      2097152           20       255.84       323.33       289.59
      4194304           10       507.26       568.90       538.08
      8388608            5      1000.20      1061.72      1030.96
     16777216            2      2096.25      2160.91      2128.58
     33554432            1      3947.08      4007.02      3977.05
     67108864            1     10564.65     10634.94     10599.80
    134217728            1     21239.51     21299.31     21269.41
    268435456            1     40666.89     40741.04     40703.97

#----------------------------------------------------------------
# Benchmarking Reduce 
# #processes = 2 
#----------------------------------------------------------------
       #bytes #repetitions  t_min[usec]  t_max[usec]  t_avg[usec]
            0         1000         0.02         0.03         0.02
         4096         1000         6.75         9.48         8.11
         8192         1000        11.12        21.72        16.42
        16384         1000        13.43        24.67        19.05
        32768         1000        13.86        30.71        22.28
        65536          640        18.57        38.16        28.36
       131072          320        28.19        57.01        42.60
       262144          160        52.59        80.52        66.55
       524288           80        95.82       142.53       119.18
      1048576           40       198.70       253.41       226.05
      2097152           20       407.72       461.10       434.41
      4194304           10       814.43       867.66       841.05
      8388608            5      1664.18      1721.92      1693.05
     16777216            2      3331.53      3397.18      3364.36
     33554432            1      6706.84      6780.90      6743.87
     67108864            1     14004.60     14097.01     14050.81
    134217728            1     24929.21     25051.75     24990.48
    268435456            1     50527.53     50739.71     50633.62

#----------------------------------------------------------------
# Benchmarking Alltoall 
# #processes = 2 
#----------------------------------------------------------------
       #bytes #repetitions  t_min[usec]  t_max[usec]  t_avg[usec]
            0         1000         0.02         0.02         0.02
         4096         1000        10.24        10.62        10.43
         8192         1000        12.91        13.26        13.09
        16384         1000        12.93        13.06        13.00
        32768         1000        13.23        13.62        13.42
        65536          640        14.60        14.99        14.79
       131072          320        16.23        16.90        16.57
       262144          160        19.46        20.45        19.96
       524288           80        25.50        25.88        25.69
      1048576           40        37.41        38.00        37.71
      2097152           20        46.96        47.43        47.20
      4194304           10        77.95        78.16        78.06
      8388608            5       138.01       138.44       138.23
     16777216            2       255.29       256.53       255.91
     33554432            1       565.97       567.10       566.54
     67108864            1       992.98       993.17       993.07
    134217728            1      1966.99      1967.28      1967.14
    268435456            1      3909.87      3911.53      3910.70


# All processes entering MPI_Finalize


